43894609000164
07775987000246
00779721003671
03389698000177
02575829000148
22092327000173
15767893000172
00939085000178
00779721005291
17219734000169
23335431000104
87296026000107
55541841000106
19836887000180
10826872000167
52601333000170
33638388000100
19788982000156
12960020000193
00779721001970
00208014000103
31563034000207
07720344000114
22222222222222
00745812000166
34020354000110
01000000000001
03753088000100
01016153000190
02419765001249
00779721008711
75364570000755
03533726000188
97545909000167
16928871000614
00779721003248
58473398000163
18653891000302
77941490007753
14773721000149
07737623000948
00285753000190
43214055004528
03319128000100
05424732000122
01027058000191
489050001237
10348318000383
02091365008189
00779721003914
81264715000153
00779721006425
43426626000177
01536754000395
11405837000137
11426381000434
03438029000148
06878718000161
40418865000278
22067666000108
03874953000177
24336035000164
33621756000107
06626253030905
14181730000140
92012467000170
09127271000187
76539600000194
07737623001677
00779721001709
07737623002649
08692080000103
10221279000179
73270258000181
61256996000195
92660406002758
07737623000433
00223046000170
11319526000155
02700119000100
49732175000182
28286170000101
33183773000100
01010740000252
11508758000151
45933785000193
11844299000187
23217779000105
02797469000200
12281897000158
07737623003459
24540760000150
23854091000128
09180544000238
08718431000108
32331472000113
07737623000271
58867144000120
51669307000200
03746938000143
03914917000190
97755177002345
20181735000176
06100509000192
00779721004139
00779721002357
11094546000175
25448950000104
08476852000161
23079033000174
07756995000164
17400505000146
00779721004996
29302348000115
02250176000127
14473289000170
51909786000103
07737623000786
12805240000142
05035672000156
28024801000106
09611669000194
00779721008398
10419496000196
03585974000172
62173620000180
489050002985
09813204000469
09144934000171
10230480001960
12335965000114
02745324000184
77972100910600
31743818000128
03818211000124
01367632000150
05794416000495
19970341000118
30472737000178
07737623001081
90150376000175
14169897001249
07526557000100
10868144000118
08697623000410
00779721007073
06626253000151
07737623006555
00776574000156
10221279000197
07737623001243
03273825000178
18457921000143
09097058000170
08845775000170
58119199000151
04789159000198
19668272000192
65944134000106
08382929000134
30318916000155
10916517000189
15754475000140
25107245000143
72692098000104
55728224000106
10733184000152
00779721001466
17385948000105
10348318001274
15546355000158
05639032000155
43158302000103
21418469000115
01365194000191
02831172000132
00027571000110
02365069000144
18653891000221
39893680000155
13513325000110
00779721001032
07737623005583
16727386000178
07990884000118
07737623005311
05623256000179
10788285000120
00779721004058
26655646000109
14831373000119
07737623002568
03195861000160
47545371000112
06034119000161
18089048000147
40339657000100
01536754000123
60039328000143
11850910000180
15076647000174
11522823000101
08743025000197
11200418000169
33200056000149
08382929000649
03815831000371
07737623000352
13813395000274
30129755000151
26116735000179
09358533000114
07737623006121
07355049000297
00779721008207
12888241000106
08165429000221
00712672000120
00779721005704
02292931000136
00779721005372
07323111000188
06626253076646
61647244000155
08370155000121
04088208000165
40432544006269
03815831000290
18801947000167
24763731000157
24051792000191
00779721006182
16866112000160
07737623005664
15514108000170
17339233000116
26502092000100
30615593000161
27216869000124
14507794000199
11442110000120
05648257003193
08621379000240
62277041000187
06626253029214
16991645000173
43731587000464
07737623006717
26443857000170
00779721003086
10348318001436
17653102000109
03681572000171
04235110000193
33143147000190
02261854000157
30521728000804
15253617000196
21423941000108
04416818000906
07737623004188
02907061000162
11795369000154
20060621000178
11118781000130
26404731026314
19853291000199
04380004000101
22545704000182
07737623003700
00779721006263
01245594000163
42365445000115
06626253123237
02696435000148
05984457000100
18836589000128
24375521000169
05575740000190
05763136000177
29069497000186
08282929001700
13041230000140
00779721004210
03962660000141
04067191000160
63063689000113
00000000000001
00779721003752
47686555000100
21406359000133
10348318000707
22808047000119
26706661000120
46394094000121
22488316000107
22806076000141
42591651000143
21035398000171
19268267000192
11365891000104
03794556000195
18681483000100
71869770000113
21521916000167
60920345000195
60979457000111
07737623001324
20049449000151
61186490000157
13729930000122
04882566000145
06927512000184
07737623000603
88936323000647
002211001100021
28042871000197
27722167000112
27180938000197
61990354000115
12410655000117
18565468000199
18653891000574
37069853000190
20992373000101
07389639000150
00779721005020
23209013000170
71676316000146
06626253004149
14483179000190
00779721004805
47960950000121
46570909000186
05648257000178
02866535000256
07737623001162
4591034000159
13882847000199
00779721005100
26038751000190
09354810000110
06144415000115
03815831000100
00779721001628
12294387000115
11014557003890
11083392000116
20972975000199
54805247000104
26597268000146
00779721002195
17497787000141
00779721003329
21576749000151
22683676000160
33579376000151
27865757002490
57489403000163
61287546000160
23476033000108
00779721002942
45201019000134
32608426000119
29410147000131
08842582000165
00779721005615
00779721000907
33795303000105
14625224000101
23257734000156
66970229000167
05385049000123
02102498000129
14868712000131
07737623002134
00779721009017
08229030000186
09204187000110
01366140000106
27932734000165
12698792000107
00779721000737
00146461000410
06626253052038
11426381000272
55497275000174
11299650000104
33061813000140
21011165000139
06273072000199
31709272000199
13477369000131
11725176000127
17097616000125
22662069000113
21561725000129
04565289000147
08857016000127
07737623002720
24073694000155
22797545000103
62498365000145
02926572000121
59609123000177
00779721000656
62136643000114
00779721004643
61780615000172
07015691000227
20443574000141
20646890000110
75308551000116
08734301000150
72381189000110
13756472000110
01582892000149
89237911000140
79430682025540
33574374000170
08739868000110
15459431000198
01312150000101
16834965000110
07737623001758
00328072000162
61189288000189
10348318001193
60740172000123
29579772000101
2024732200014
05660039000159
64555626000147
04624699000111
23306928000102
00779721006778
18653891000655
11188916000133
71673990000177
07737623006806
02788458000182
13756495000125
04960774000115
00489050002985
06070152000147
23970664000189
14121957000109
06176923000185
89848543000177
31743818002252
01239313000160
83053140000155
07953678010524
00779721002608
00779721006697
06626253032193
14910092000151
29570492000132
10316298000105
01230959000186
04611523000125
62262746000120
07737623003530
15481669000110
15536462000103
22935031000177
61777009006724
20515899000192
02860694000162
17607317000193
16479233000159
02298080000139
07737623001405
00779721000494
81101495000147
53078135000136
00779721000222
00779721005453
08926504000149
00779721002004
51757300000150
00779721007740
03578412000100
15427754000108
06626253046224
04330434000100
05298154000125
58160789000128
62278866000116
52362985000280
00779721003400
10365271000102
19592641000100
33372251006278
07113298000195
43447044000177
69441194000167
11677228000137
04571524000193
43242858000175
07737623000190
00779721007588
17768068000118
21387322000105
07737623001910
13257648006040
00779721001890
08321071000602
45543915000181
28411905000416
00779721003590
29778721000109
59546515001610
18082788000198
00000000000000
489050001822
15676753000199
51775690000191
05222370000197
0584741200018
06626253045929
61825675000164
14863783000141
11426381000191
58231580000108
55132906000151
03596799000119
87112736000130
07666567000140
26318085000144
54434055000139
16912899000159
00779721006930
46266771000126
23749304000151
02337524000106
74261538000196
22716940000114
13810372000206
14457336000192
13612214000160
00779721001202
00779721007235
43731587000383
10518676000125
62358106000119
25174365000163
34935286000119
00486423000165
00779721004481
04298309000160
00779721005534
58767252000716
00292858000258
05536273000179
07015691000146
29032677000193
28301505000105
00779721008126
03823704000152
17197385000121
20428964000142
56681513006958
23477635000180
12670746000191
01146603000169
11945569000146
21262661000165
15428902000109
00779721002438
07230151000185
03541088003324
43214055000107
75293662000104
07795769000192
07126138000180
00779721007405
00779721003167
91088328000167
32488133000145
21102369000185
01847298000132
02153389000130
10574198000170
16912596000136
00779721001547
07737623001839
12455479000130
04298309000837
10348318000979
38059846000170
01937635001073
02414568000346
10916517000260
17245051000186
13399454000131
0895974100010
76497338001304
03563689000150
07760188000115
10490181000135
66602988000177
00779721006859
15767893000253
00779721007669
82170291000120
00779721002276
27595543000155
05620415000181
18653891000493
91088328001309
03662136000155
31575186002931
29755263000192
19266668000103
49410145000150
00415789000141
09339936000116
000000001101002100
00676486000182
14030181000103
28411905000254
00019299283011
10904030000267
18483322000285
02643552000143
02738361000165
45512555001122
23065145000176
11061222000130
23945623000132
72744196000130
22025039000104
61012019000142
61502324000112
00779721007316
00779721004562
35943604000156
14378093000105
09026659001759
04298309000756
06026537000107
11801696000171
14830817000100
03214633000190
77972100898300
10555312000115
21996668000100
29309127011618
08621379000320
21450425000172
08854109000106
27509425000187
31629820000170
21135896000196
08044832000111
05217384000201
13415304000161
17239738000109
92792530000138
71669766000101
00779721007154
23782888000167
75801902000126
00779721000575
58062779000150
11481749000114
23568551000151
01536726000106
28285473000100
07737623003882
11426381000353
07737623003106
16881623000150
19962272000109
23860857000187
34686568000120
01303446000158
00779721000141
11111111111111
16697475000119
46134425000194
21272098000106
33644857000101
42546531000124
17336406000142
22408729000134
10348318000898
00779721002861
22527221000155
14918492000103
04772434000160
489050000508
05799871000130
07737623003025
04449941000168
00779721003833
33372251012677
02932651000226
31178848000139
07170938000107
07737623007012
17388003000147
59717553000102
04870413000188
10158838000161
01554285000175
15590335000184
07737623001596
14528844000114
03007698000165
00779721005887
21988733000156
06626253038477
61754784000138
00623904000173
08244419000109
21261563000103
18530917000163
28411905000173
000012511600000000
20247322000147
00779721008800
03561151000379
06253931000188
07221340000191
60409075000152
64603426000112
00779721004309
31743818004620
07737623002053
04740876000125
75047498000309
10571405000133
01534080000128
24170388000137
00779721006506
03488137000125
00779721002519
00779721006000
02012862000160
59546515000134
17062326000146
04005507000199
89777692000192
00779721005968
28216463000104
14202473000186
07737623006040
02194948000150
09338704000143
89237911016225
92660406003304
18456419000118
22770366000182
03561151000107
03341024000100
11867670000126
15294311000188
27865757000102
10904030000186
43731587000545
53558342003960
83729004015679
23491916000197
20854761000118
07737623006202
06064114000181
89848543001572
63554067000198
36882405000148
07737623002800
26669170000157
28411905000335
20732147000183
33461740000184
06626253001808
04908757000139
11010347000131
13481309019535
87248522000195
73230674000156
00779721006344
24835569000216
489050002632
00779721000818
21634929000142
60909215000313
13551792000134
33448150000111
00779721000303
20595041000185
00436042004752
33559162000113
58113812000123
60922598000106
13399454000129
01554110000168
07737623003610
01336140000106
24584813000134
489050000770
00779721007820
00545378000170
00779721008479
